3295
6707
4462
7876
6611
7770
2301
4303
7104
1976
7315
6821
9622
9036
3648
8881
9325
2702
3326
6302
1758
2618
1385
3176
5842
2994
8335
9142
1555
3257
2258
8041
3769
4912
4131
5015
6535
5948
9486
9019
4374
5923
6181
7430
5212
3412
6993
7718
5108
1215
3936
5654
8878
7538
8249
7805
2093
2509
7712
2370
5347
4766
5432
3587
3000
1781
2727
2313
4930
6540
6929
9428
5790
9035
1522
8293
3675
2238
4387
7239
8286
3966
7424
3430
1629
8342
7530
5864
8316
9067
9768
9149
4323
3786
4867
1444
9103
4008
8540
9899
7888
2967
2199
4505
1141
3066
1992
5322
7122
5213
3114
1262
6581
6272
6174
1028
3557
1302
7851
4468
2134
2897
6083
1621
1501
4977
6714
4564
4037
7747
7573
8453
9735
7821
8102
3302
9681
4428
1237
9943
4904
1826
7070
7651
7685
7943
3001
1451
5600
5393
2782
8353
2703
9586
3506
4715
9842
6267
8381
3023
9824
4661
2597
5917
5467
8199
6274
3347
2923
1314
8273
9415
6705
8855
8782
9283
9812
8090
7948
7599
7425
9047
4485
3589
2579
7279
5767
9969
2342
3899
4475
9330
5400
7736
9793
1492
3400
9038
5675
6768